255 255 255 255 255 255 255 255 255 255 255 255 255 255 255 255
255 255 255 255 255 255 255 255 255 255 255 255 255 255 255 255
255 255 239 191 119 112   0   0 159 159 207 119 191 239 255 255
255 255 191   0 119 112  48 191 207  64 207 119   0 191 255 255
255 255 119 119 124 255  55 205 205  62 255 124 119 119 255 255
255 255 255 112 207  64  48  96  48 191 112 112 255 112 255 255
255 255  48 191  58 159 239  96  48  96  16  71  64 207 255 255
255 255 191 191 207  64 191  48   0 191  64  78 255 112 255 255
255 255 143   0 205  96   0 191 207  64 255  64 112 255 255 255
255 255  48  48  55 191 191  96  64 207 112 207 255 255 255 255
255 255 207 207 207 207  16 159  48   0 112 255 191 239 255 255
255 255 119 119 124 112  16 159  89   0 213 183  48 239 255 255
255 255 191   0 119  64 207 159  48 191  64  64  64 207 255 255
255 255 239 191 119  64  64 159  48  48 255 213 207 207 255 255
255 255 255 255 255 255 255 255 255 255 255 255 255 255 255 255
255 255 255 255 255 255 255 255 255 255 255 255 255 255 255 255
255 255 255 255 255 255 255 255 255 255 255 255 255 255 255 255
255 255 255 255 255 255 255 255 255 255 255 255 255 255 255 255
255 255 239 191 119 112   0   0 159 159 207 119 191 239 255 255
255 255 191   0 119 112  48 191 207  64 207 119   0 191 255 255
255 255 119 119 124 255  55 205 205  62 255 124 119 119 255 255
255 255 255 112 207  64  48  96  48 191 112 112 255 112 255 255
255 255  48 191  58 159 239  96  48  96  16  71  64 207 255 255
255 255 191 191 207  64 191  48   0 191  64  78 255 112 255 255
255 255 143   0 205  96   0 191 207  64 255  64 112 255 255 255
255 255  48  48  55 191 191  96  64 207 112 207 255 255 255 255
255 255 207 207 207 207  16 159  48   0 112 255 191 239 255 255
255 255 119 119 124 112  16 159  89   0 213 183  48 239 255 255
255 255 191   0 119  64 207 159  48 191  64  64  64 207 255 255
255 255 239 191 119  64  64 159  48  48 255 213 207 207 255 255
255 255 255 255 255 255 255 255 255 255 255 255 255 255 255 255
255 255 255 255 255 255 255 255 255 255 255 255 255 255 255 255
255 255 255 255 255 255 255 255 255 255 255 255 255 255 255 255
255 255 255 255 255 255 255 255 255 255 255 255 255 255 255 255
255 255 239 191 119 112   0   0 159 159 207 119 191 239 255 255
255 255 191   0 119 112  48 191 207  64 207 119   0 191 255 255
255 255 119 119 124 255  55 205 205  62 255 124 119 119 255 255
255 255 255 112 207  64  48  96  48 191 112 112 255 112 255 255
255 255  48 191  58 159 239  96  48  96  16  71  64 207 255 255
255 255 191 191 207  64 191  48   0 191  64  78 255 112 255 255
255 255 143   0 205  96   0 191 207  64 255  64 112 255 255 255
255 255  48  48  55 191 191  96  64 207 112 207 255 255 255 255
255 255 207 207 207 207  16 159  48   0 112 255 191 239 255 255
255 255 119 119 124 112  16 159  89   0 213 183  48 239 255 255
255 255 191   0 119  64 207 159  48 191  64  64  64 207 255 255
255 255 239 191 119  64  64 159  48  48 255 213 207 207 255 255
255 255 255 255 255 255 255 255 255 255 255 255 255 255 255 255
255 255 255 255 255 255 255 255 255 255 255 255 255 255 255 255

255 255 255 255 255 255 255 255 255 255 255 255 255 255 255 255
255 255 255 255 255 255 255 255 255 255 255 255 255 255 255 255
255 255 239 191 119 112 207 112 255 255 239 239 207 207 255 255
255 255 191   0 119 255  64 255 112 255 191  48  64 207 255 255
255 255 119 119 124 112  71  78  64 207 255 183  64 213 255 255
255 255 207 207 255 112  16  64 255 112 112 213  64 255 255 255
255 255 159  64  62 191  96 191  64 207   0   0 191  48 255 255
255 255 159 207 205  48  48   0 207  64  48  89  48  48 255 255
255 255   0 191 205  96  96  48 191  96 159 159 159 159 255 255
255 255   0  48  55  48 239 191   0 191  16  16 207  64 255 255
255 255 112 112 255  64 159  64  96 191 207 112  64  64 255 255
255 255 119 119 124 207  58 207 205  55 207 124 119 119 255 255
255 255 191   0 119 112 191 191   0  48 207 119   0 191 255 255
255 255 239 191 119 255  48 191 143  48 207 119 191 239 255 255
255 255 255 255 255 255 255 255 255 255 255 255 255 255 255 255
255 255 255 255 255 255 255 255 255 255 255 255 255 255 255 255
255 255 255 255 255 255 255 255 255 255 255 255 255 255 255 255
255 255 255 255 255 255 255 255 255 255 255 255 255 255 255 255
255 255 239 191 119 112 207 112 255 255 239 239 207 207 255 255
255 255 191   0 119 255  64 255 112 255 191  48  64 207 255 255
255 255 119 119 124 112  71  78  64 207 255 183  64 213 255 255
255 255 207 207 255 112  16  64 255 112 112 213  64 255 255 255
255 255 159  64  62 191  96 191  64 207   0   0 191  48 255 255
255 255 159 207 205  48  48   0 207  64  48  89  48  48 255 255
255 255   0 191 205  96  96  48 191  96 159 159 159 159 255 255
255 255   0  48  55  48 239 191   0 191  16  16 207  64 255 255
255 255 112 112 255  64 159  64  96 191 207 112  64  64 255 255
255 255 119 119 124 207  58 207 205  55 207 124 119 119 255 255
255 255 191   0 119 112 191 191   0  48 207 119   0 191 255 255
255 255 239 191 119 255  48 191 143  48 207 119 191 239 255 255
255 255 255 255 255 255 255 255 255 255 255 255 255 255 255 255
255 255 255 255 255 255 255 255 255 255 255 255 255 255 255 255
255 255 255 255 255 255 255 255 255 255 255 255 255 255 255 255
255 255 255 255 255 255 255 255 255 255 255 255 255 255 255 255
255 255 239 191 119 112 207 112 255 255 239 239 207 207 255 255
255 255 191   0 119 255  64 255 112 255 191  48  64 207 255 255
255 255 119 119 124 112  71  78  64 207 255 183  64 213 255 255
255 255 207 207 255 112  16  64 255 112 112 213  64 255 255 255
255 255 159  64  62 191  96 191  64 207   0   0 191  48 255 255
255 255 159 207 205  48  48   0 207  64  48  89  48  48 255 255
255 255   0 191 205  96  96  48 191  96 159 159 159 159 255 255
255 255   0  48  55  48 239 191   0 191  16  16 207  64 255 255
255 255 112 112 255  64 159  64  96 191 207 112  64  64 255 255
255 255 119 119 124 207  58 207 205  55 207 124 119 119 255 255
255 255 191   0 119 112 191 191   0  48 207 119   0 191 255 255
255 255 239 191 119 255  48 191 143  48 207 119 191 239 255 255
255 255 255 255 255 255 255 255 255 255 255 255 255 255 255 255
255 255 255 255 255 255 255 255 255 255 255 255 255 255 255 255

255 255 255 255 255 255 255 255 255 255 255 255 255 255 255 255
255 234 241 194 237 183 215 221 233 222 234 197 182 182 234 255
255 224 184 147 195 184 111  74 133  90  68 122 149 187 182 255
255 234 198  37  62  51 142 105 180 162 106 132  13 149 182 255
255 184 212  55 183 141  87 147 174  40 115 117 132 123 197 255
255 238 186 144 181  71  99 113 139  77 210 172 222 169 234 255
255 188 165 229 163 106 171 110 139 135 116 134 114 119 208 255
255 214 226 114  43 172 148 151 137  46  87 151  85 151 239 255
255 188 167 200  58  79 150  80 114 149  84 142 182 176 255 255
255 202 179 127  76  75  87 113 150 181 128 113 132 108 248 255
255 197 120 196  80 116 172  99 164  94  57 166 127 166 197 255
255 197 124 128 116 216 112 165 164 104 181 114 132 122 197 255
255 182 149  13 133 224 125 169 149  53 103 128  13 149 182 255
255 182 187 149 123 173 116 152  75  71 129 124 149 187 182 255
255 234 182 182 198 253 200 249 200 222 234 197 182 182 234 255
255 255 255 255 255 255 255 255 255 255 255 255 255 255 255 255
255 255 255 255 255 255 255 255 255 255 255 255 255 255 255 255
255 234 241 194 237 183 215 221 233 222 234 197 182 182 234 255
255 224 184 147 195 184 111  74 133  90  68 122 149 187 182 255
255 234 198  37  62  51 142 105 180 162 106 132  13 149 182 255
255 184 212  55 183 141  87 147 174  40 115 117 132 123 197 255
255 238 186 144 181  71  99 113 139  77 210 172 222 169 234 255
255 188 165 229 163 106 171 110 139 135 116 134 114 119 208 255
255 214 226 114  43 172 148 151 137  46  87 151  85 151 239 255
255 188 167 200  58  79 150  80 114 149  84 142 182 176 255 255
255 202 179 127  76  75  87 113 150 181 128 113 132 108 248 255
255 197 120 196  80 116 172  99 164  94  57 166 127 166 197 255
255 197 124 128 116 216 112 165 164 104 181 114 132 122 197 255
255 182 149  13 133 224 125 169 149  53 103 128  13 149 182 255
255 182 187 149 123 173 116 152  75  71 129 124 149 187 182 255
255 234 182 182 198 253 200 249 200 222 234 197 182 182 234 255
255 255 255 255 255 255 255 255 255 255 255 255 255 255 255 255
255 255 255 255 255 255 255 255 255 255 255 255 255 255 255 255
255 234 241 194 237 183 215 221 233 222 234 197 182 182 234 255
255 224 184 147 195 184 111  74 133  90  68 122 149 187 182 255
255 234 198  37  62  51 142 105 180 162 106 132  13 149 182 255
255 184 212  55 183 141  87 147 174  40 115 117 132 123 197 255
255 238 186 144 181  71  99 113 139  77 210 172 222 169 234 255
255 188 165 229 163 106 171 110 139 135 116 134 114 119 208 255
255 214 226 114  43 172 148 151 137  46  87 151  85 151 239 255
255 188 167 200  58  79 150  80 114 149  84 142 182 176 255 255
255 202 179 127  76  75  87 113 150 181 128 113 132 108 248 255
255 197 120 196  80 116 172  99 164  94  57 166 127 166 197 255
255 197 124 128 116 216 112 165 164 104 181 114 132 122 197 255
255 182 149  13 133 224 125 169 149  53 103 128  13 149 182 255
255 182 187 149 123 173 116 152  75  71 129 124 149 187 182 255
255 234 182 182 198 253 200 249 200 222 234 197 182 182 234 255
255 255 255 255 255 255 255 255 255 255 255 255 255 255 255 255

255 255 255 255 255 255 255 255 255 255 255 255 255 255 255 255
255 234 182 182 197 235 209 239 255 249 197 197 182 182 234 255
255 182 188 150 123 169 120 152 177 109 167 123 150 188 182 255
255 182 150  14 133 223 115  85 182 132 128 133  14 150 182 255
255 197 123 133 118 172 134 151 142 113 166 114 129 124 197 255
255 235  69 106 116 211 117  88  84 129  58 181 104 129 235 255
255 222  90 163  40  78 135  47 149 181  95 105  54  71 222 255
255 233 133 180 174 139 140 137 114 150 164 164 150  76 201 255
255 222  75 106 147 113 110 152  80 113  99 166 170 153 249 255
255 215 112 143  88  99 171 148 151  88 173 113 126 116 201 255
255 184 184  51 141  71 107 173  79  76 116 217 225 173 254 255
255 238 195  63 183 182 163  44  58  77  80 116 133 124 199 255
255 194 147  37  56 144 229 114 200 128 197 129  14 150 182 255
255 241 184 199 213 187 166 227 168 180 120 124 150 188 182 255
255 234 225 235 184 239 188 215 188 203 197 197 182 182 234 255
255 255 255 255 255 255 255 255 255 255 255 255 255 255 255 255
255 255 255 255 255 255 255 255 255 255 255 255 255 255 255 255
255 234 182 182 197 235 209 239 255 249 197 197 182 182 234 255
255 182 188 150 123 169 120 152 177 109 167 123 150 188 182 255
255 182 150  14 133 223 115  85 182 132 128 133  14 150 182 255
255 197 123 133 118 172 134 151 142 113 166 114 129 124 197 255
255 235  69 106 116 211 117  88  84 129  58 181 104 129 235 255
255 222  90 163  40  78 135  47 149 181  95 105  54  71 222 255
255 233 133 180 174 139 140 137 114 150 164 164 150  76 201 255
255 222  75 106 147 113 110 152  80 113  99 166 170 153 249 255
255 215 112 143  88  99 171 148 151  88 173 113 126 116 201 255
255 184 184  51 141  71 107 173  79  76 116 217 225 173 254 255
255 238 195  63 183 182 163  44  58  77  80 116 133 124 199 255
255 194 147  37  56 144 229 114 200 128 197 129  14 150 182 255
255 241 184 199 213 187 166 227 168 180 120 124 150 188 182 255
255 234 225 235 184 239 188 215 188 203 197 197 182 182 234 255
255 255 255 255 255 255 255 255 255 255 255 255 255 255 255 255
255 255 255 255 255 255 255 255 255 255 255 255 255 255 255 255
255 234 182 182 197 235 209 239 255 249 197 197 182 182 234 255
255 182 188 150 123 169 120 152 177 109 167 123 150 188 182 255
255 182 150  14 133 223 115  85 182 132 128 133  14 150 182 255
255 197 123 133 118 172 134 151 142 113 166 114 129 124 197 255
255 235  69 106 116 211 117  88  84 129  58 181 104 129 235 255
255 222  90 163  40  78 135  47 149 181  95 105  54  71 222 255
255 233 133 180 174 139 140 137 114 150 164 164 150  76 201 255
255 222  75 106 147 113 110 152  80 113  99 166 170 153 249 255
255 215 112 143  88  99 171 148 151  88 173 113 126 116 201 255
255 184 184  51 141  71 107 173  79  76 116 217 225 173 254 255
255 238 195  63 183 182 163  44  58  77  80 116 133 124 199 255
255 194 147  37  56 144 229 114 200 128 197 129  14 150 182 255
255 241 184 199 213 187 166 227 168 180 120 124 150 188 182 255
255 234 225 235 184 239 188 215 188 203 197 197 182 182 234 255
255 255 255 255 255 255 255 255 255 255 255 255 255 255 255 255
